0.00000 0.00000
1.40000e+07 0.00000
2.80000e+07 0.00000
4.20000e+07 0.00000
5.60000e+07 0.00000
7.00000e+07 0.00000
8.40000e+07 0.00000
9.80000e+07 0.00000
1.12000e+08 0.00000
1.26000e+08 0.00000
1.40000e+08 0.00000
1.54000e+08 0.00000
1.68000e+08 0.00000
1.82000e+08 0.00000
1.96000e+08 0.00000
2.10000e+08 0.00000
2.24000e+08 0.00000
2.38000e+08 0.00000
2.52000e+08 0.00000
2.66000e+08 0.00000
2.80000e+08 0.00000
2.94000e+08 0.00000
3.08000e+08 0.00000
3.22000e+08 0.00625298
3.36000e+08 0.113894
3.50000e+08 0.231807
3.64000e+08 0.203222
3.78000e+08 0.140692
3.92000e+08 0.276918
4.06000e+08 0.250566
4.20000e+08 0.246547
4.34000e+08 0.786538
4.48000e+08 1.42565
4.62000e+08 1.01388
4.76000e+08 0.521232
4.90000e+08 0.372947
5.04000e+08 0.675324
5.18000e+08 1.27917
5.32000e+08 1.70556
5.46000e+08 1.72661
5.60000e+08 1.97445
5.74000e+08 1.62790
5.88000e+08 1.62969
6.02000e+08 1.44214
6.16000e+08 1.51407
6.30000e+08 1.64447
6.44000e+08 2.40141
6.58000e+08 3.00023
6.72000e+08 3.41910
6.86000e+08 2.78894
7.00000e+08 1.94544
7.14000e+08 2.26069
7.28000e+08 3.31014
7.42000e+08 5.86701
7.56000e+08 9.76719
7.70000e+08 9.71591
7.84000e+08 7.48847
7.98000e+08 5.79941
8.12000e+08 4.53845
8.26000e+08 3.54103
8.40000e+08 3.06843
8.54000e+08 3.56727
8.68000e+08 4.32721
8.82000e+08 5.11208
8.96000e+08 5.44050
9.10000e+08 6.86142
9.24000e+08 7.59110
9.38000e+08 7.49231
9.52000e+08 7.19582
9.66000e+08 8.04849
9.80000e+08 9.65736
9.94000e+08 10.8664
1.00800e+09 11.6160
1.02200e+09 12.5506
1.03600e+09 13.2644
1.05000e+09 18.5759
1.06400e+09 21.4791
1.07800e+09 20.8260
1.09200e+09 17.9447
1.10600e+09 9.74085
1.12000e+09 6.37456
1.13400e+09 4.01264
1.14800e+09 4.47335
1.16200e+09 5.89914
1.17600e+09 6.61075
1.19000e+09 8.46781
1.20400e+09 6.19771
1.21800e+09 5.93292
1.23200e+09 7.77727
1.24600e+09 9.73859
1.26000e+09 11.6200
1.27400e+09 14.9918
1.28800e+09 14.6767
1.30200e+09 12.0437
1.31600e+09 11.4371
1.33000e+09 8.39395
1.34400e+09 7.12094
1.35800e+09 6.97336
1.37200e+09 5.78739
1.38600e+09 7.55726
1.40000e+09 10.0045
1.41400e+09 9.60287
1.42800e+09 8.13789
1.44200e+09 7.64833
1.45600e+09 9.50142
1.47000e+09 11.0246
1.48400e+09 10.1417
1.49800e+09 9.77362
1.51200e+09 10.3645
1.52600e+09 9.50997
1.54000e+09 8.78157
1.55400e+09 10.1356
1.56800e+09 11.0567
1.58200e+09 12.0977
1.59600e+09 12.8079
1.61000e+09 12.1944
1.62400e+09 15.0866
1.63800e+09 13.5588
1.65200e+09 11.6725
1.66600e+09 11.7912
1.68000e+09 10.6275
1.69400e+09 9.32962
1.70800e+09 8.35328
1.72200e+09 8.09155
1.73600e+09 8.98693
1.75000e+09 7.84688
1.76400e+09 9.00944
1.77800e+09 9.44775
1.79200e+09 9.67897
1.80600e+09 9.90663
1.82000e+09 11.5939
1.83400e+09 13.3918
1.84800e+09 13.8068
1.86200e+09 14.7505
1.87600e+09 23.6953
1.89000e+09 37.8665
1.90400e+09 29.8220
1.91800e+09 19.3011
1.93200e+09 12.7785
1.94600e+09 11.8092
1.96000e+09 13.2429
1.97400e+09 13.7993
1.98800e+09 12.9841
2.00200e+09 13.3683
2.01600e+09 14.1520
2.03000e+09 11.9562
2.04400e+09 9.99415
2.05800e+09 8.59338
2.07200e+09 7.74499
2.08600e+09 8.00210
2.10000e+09 9.33602
2.11400e+09 9.61189
2.12800e+09 11.0666
2.14200e+09 11.5051
2.15600e+09 11.9517
2.17000e+09 10.6948
2.18400e+09 9.34852
2.19800e+09 9.24122
2.21200e+09 9.53349
2.22600e+09 8.16839
2.24000e+09 7.72124
2.25400e+09 7.53537
2.26800e+09 8.11538
2.28200e+09 8.47305
2.29600e+09 7.65043
2.31000e+09 7.33722
2.32400e+09 7.33802
2.33800e+09 7.51012
2.35200e+09 7.41346
2.36600e+09 8.23391
2.38000e+09 9.45657
2.39400e+09 9.98861
2.40800e+09 10.7281
2.42200e+09 10.6695
2.43600e+09 10.5388
2.45000e+09 10.3303
2.46400e+09 9.87158
2.47800e+09 10.4943
2.49200e+09 11.0185
2.50600e+09 12.8083
2.52000e+09 16.4762
2.53400e+09 22.0724
2.54800e+09 22.9616
2.56200e+09 16.9951
2.57600e+09 14.7079
2.59000e+09 12.9337
2.60400e+09 11.5450
2.61800e+09 10.9405
2.63200e+09 10.7712
2.64600e+09 10.2237
2.66000e+09 10.2291
2.67400e+09 9.75734
2.68800e+09 9.70629
2.70200e+09 10.5297
2.71600e+09 9.65623
2.73000e+09 9.07130
2.74400e+09 9.46310
2.75800e+09 9.86073
2.77200e+09 10.6850
2.78600e+09 10.0194
2.80000e+09 9.62342
2.81400e+09 9.93090
2.82800e+09 10.0294
2.84200e+09 11.4954
2.85600e+09 11.8658
2.87000e+09 10.8286
2.88400e+09 10.2048
2.89800e+09 8.80126
2.91200e+09 9.06336
2.92600e+09 9.68771
2.94000e+09 10.1943
2.95400e+09 9.86550
2.96800e+09 10.2432
2.98200e+09 9.84802
2.99600e+09 10.2497
3.01000e+09 9.85492
3.02400e+09 9.79084
3.03800e+09 10.1176
3.05200e+09 10.5206
3.06600e+09 10.6129
3.08000e+09 10.7101
3.09400e+09 10.3988
3.10800e+09 9.61292
3.12200e+09 9.05348
3.13600e+09 9.35268
3.15000e+09 10.1133
3.16400e+09 9.60354
3.17800e+09 9.09183
3.19200e+09 8.78085
3.20600e+09 9.35075
3.22000e+09 8.88701
3.23400e+09 9.52308
3.24800e+09 9.31691
3.26200e+09 8.99976
3.27600e+09 8.19526
3.29000e+09 8.32956
3.30400e+09 8.21350
3.31800e+09 8.58102
3.33200e+09 8.55601
3.34600e+09 8.40868
3.36000e+09 8.66953
3.37400e+09 8.84841
3.38800e+09 8.07827
3.40200e+09 7.89644
3.41600e+09 8.53981
3.43000e+09 8.13436
3.44400e+09 8.22225
3.45800e+09 8.28958
3.47200e+09 8.55329
3.48600e+09 8.67662
3.50000e+09 8.54351
3.51400e+09 8.24168
3.52800e+09 8.33686
3.54200e+09 7.78011
3.55600e+09 8.06189
3.57000e+09 9.06072
3.58400e+09 9.80083
3.59800e+09 10.0498
3.61200e+09 9.43427
3.62600e+09 9.19788
3.64000e+09 7.61503
3.65400e+09 7.16236
3.66800e+09 6.61687
3.68200e+09 7.01723
3.69600e+09 7.62890
3.71000e+09 6.71913
3.72400e+09 6.46505
3.73800e+09 6.21760
3.75200e+09 6.19765
3.76600e+09 6.08321
3.78000e+09 5.71822
3.79400e+09 5.87436
3.80800e+09 5.33527
3.82200e+09 6.00643
3.83600e+09 5.79617
3.85000e+09 5.58715
3.86400e+09 5.58319
3.87800e+09 5.60027
3.89200e+09 5.94619
3.90600e+09 6.14998
3.92000e+09 6.22765
3.93400e+09 5.95774
3.94800e+09 5.68816
3.96200e+09 5.11823
3.97600e+09 5.25787
3.99000e+09 4.94173
4.00400e+09 4.84519
4.01800e+09 5.79123
4.03200e+09 6.09463
4.04600e+09 5.73989
4.06000e+09 5.21928
4.07400e+09 5.12537
4.08800e+09 5.01324
4.10200e+09 5.00996
4.11600e+09 4.42305
4.13000e+09 4.19996
4.14400e+09 4.29072
4.15800e+09 4.31317
4.17200e+09 4.53669
4.18600e+09 4.63888
4.20000e+09 4.95006
4.21400e+09 5.78765
4.22800e+09 5.50552
4.24200e+09 5.65886
4.25600e+09 4.93721
4.27000e+09 4.86219
4.28400e+09 4.68616
4.29800e+09 4.78747
4.31200e+09 5.18432
4.32600e+09 5.39586
4.34000e+09 5.61876
4.35400e+09 5.45026
4.36800e+09 4.89845
4.38200e+09 5.43643
4.39600e+09 5.22444
4.41000e+09 5.78217
4.42400e+09 6.23531
4.43800e+09 6.54244
4.45200e+09 6.52278
4.46600e+09 6.17809
4.48000e+09 5.91277
4.49400e+09 6.22384
4.50800e+09 6.37876
4.52200e+09 6.94317
4.53600e+09 6.51678
4.55000e+09 6.60995
4.56400e+09 6.74551
4.57800e+09 6.67040
4.59200e+09 6.51246
4.60600e+09 6.20388
4.62000e+09 6.08156
4.63400e+09 5.67738
4.64800e+09 4.99933
4.66200e+09 4.85003
4.67600e+09 5.16639
4.69000e+09 5.00136
4.70400e+09 5.44108
4.71800e+09 5.91860
4.73200e+09 5.82977
4.74600e+09 5.40926
4.76000e+09 5.11995
4.77400e+09 5.09225
4.78800e+09 5.21431
4.80200e+09 5.40151
4.81600e+09 5.62488
4.83000e+09 4.81112
4.84400e+09 4.70150
4.85800e+09 4.35070
4.87200e+09 4.38008
4.88600e+09 4.92633
4.90000e+09 4.84691
4.91400e+09 4.57607
4.92800e+09 3.68004
4.94200e+09 3.14608
4.95600e+09 3.68977
4.97000e+09 3.64587
4.98400e+09 3.57504
4.99800e+09 3.56475
5.01200e+09 3.32962
5.02600e+09 3.27328
5.04000e+09 3.13352
5.05400e+09 3.40279
5.06800e+09 3.38521
5.08200e+09 3.51852
5.09600e+09 4.20643
5.11000e+09 4.18156
5.12400e+09 3.63506
5.13800e+09 3.53264
5.15200e+09 3.79152
5.16600e+09 3.86516
5.18000e+09 4.38509
5.19400e+09 4.83455
5.20800e+09 3.92272
5.22200e+09 3.53805
5.23600e+09 4.64401
5.25000e+09 3.07541
5.26400e+09 2.54267
5.27800e+09 2.30300
5.29200e+09 2.19584
5.30600e+09 2.56776
5.32000e+09 2.18772
5.33400e+09 2.23460
5.34800e+09 2.36679
5.36200e+09 2.24357
5.37600e+09 2.17514
5.39000e+09 1.58878
5.40400e+09 1.49252
5.41800e+09 1.84173
5.43200e+09 2.11681
5.44600e+09 1.50056
5.46000e+09 1.30322
5.47400e+09 1.45454
5.48800e+09 1.48317
5.50200e+09 1.51178
5.51600e+09 1.57965
5.53000e+09 1.68587
5.54400e+09 1.70016
5.55800e+09 2.00169
5.57200e+09 1.97536
5.58600e+09 2.07713
5.60000e+09 1.82884
5.61400e+09 1.65019
5.62800e+09 1.67208
5.64200e+09 1.87475
5.65600e+09 1.92305
5.67000e+09 1.85470
5.68400e+09 1.74932
5.69800e+09 2.04590
5.71200e+09 1.95032
5.72600e+09 1.74178
5.74000e+09 1.87533
5.75400e+09 1.55686
5.76800e+09 1.70288
5.78200e+09 2.03026
5.79600e+09 2.26198
5.81000e+09 2.38127
5.82400e+09 2.26948
5.83800e+09 2.21273
5.85200e+09 1.96278
5.86600e+09 2.22848
5.88000e+09 2.23560
5.89400e+09 2.05036
5.90800e+09 2.42450
5.92200e+09 2.42054
5.93600e+09 2.34906
5.95000e+09 2.53211
5.96400e+09 2.43573
5.97800e+09 2.47000
5.99200e+09 2.85233
6.00600e+09 2.46119
6.02000e+09 2.50173
6.03400e+09 2.45076
6.04800e+09 2.20658
6.06200e+09 2.28653
6.07600e+09 1.84984
6.09000e+09 1.89315
6.10400e+09 2.18922
6.11800e+09 2.76388
6.13200e+09 2.57995
6.14600e+09 2.59114
6.16000e+09 2.90225
6.17400e+09 2.48354
6.18800e+09 2.61386
6.20200e+09 2.85588
6.21600e+09 2.93540
6.23000e+09 2.88141
6.24400e+09 2.73399
6.25800e+09 2.85134
6.27200e+09 2.81130
6.28600e+09 2.46463
6.30000e+09 2.71783
6.31400e+09 2.84109
6.32800e+09 2.41997
6.34200e+09 2.64487
6.35600e+09 2.51873
6.37000e+09 2.84516
6.38400e+09 2.79599
6.39800e+09 2.82062
6.41200e+09 2.82995
6.42600e+09 2.63627
6.44000e+09 2.57944
6.45400e+09 3.19698
6.46800e+09 2.99162
6.48200e+09 3.10198
6.49600e+09 3.06448
6.51000e+09 3.12541
6.52400e+09 3.45423
6.53800e+09 3.34755
6.55200e+09 3.77442
6.56600e+09 3.23626
6.58000e+09 2.82511
6.59400e+09 2.78850
6.60800e+09 3.16575
6.62200e+09 3.12783
6.63600e+09 3.07198
6.65000e+09 2.95060
6.66400e+09 2.81297
6.67800e+09 3.00592
6.69200e+09 3.22797
6.70600e+09 3.11698
6.72000e+09 3.24792
6.73400e+09 3.06982
6.74800e+09 2.90809
6.76200e+09 2.95060
6.77600e+09 2.90063
6.79000e+09 3.01044
6.80400e+09 2.98056
6.81800e+09 3.29126
6.83200e+09 3.00629
6.84600e+09 3.20594
6.86000e+09 3.20381
6.87400e+09 3.39183
6.88800e+09 3.82220
6.90200e+09 3.75742
6.91600e+09 2.94421
6.93000e+09 2.89256
6.94400e+09 3.28856
6.95800e+09 3.32688
6.97200e+09 3.06529
6.98600e+09 3.48519
7.00000e+09 3.45689
7.01400e+09 3.86414
7.02800e+09 3.95381
7.04200e+09 3.57841
7.05600e+09 3.13548
7.07000e+09 3.12065
7.08400e+09 3.12281
7.09800e+09 2.84692
7.11200e+09 2.67638
7.12600e+09 2.65709
7.14000e+09 3.20991
7.15400e+09 3.24603
7.16800e+09 2.75683
7.18200e+09 2.68617
7.19600e+09 2.83805
7.21000e+09 2.89255
7.22400e+09 3.18284
7.23800e+09 3.34975
7.25200e+09 3.55471
7.26600e+09 3.47395
7.28000e+09 3.16497
7.29400e+09 3.24827
7.30800e+09 2.67455
7.32200e+09 2.43339
7.33600e+09 2.70274
7.35000e+09 2.63375
7.36400e+09 2.63742
7.37800e+09 2.97206
7.39200e+09 3.04958
7.40600e+09 2.67226
7.42000e+09 2.42902
7.43400e+09 2.54114
7.44800e+09 2.84519
7.46200e+09 2.97196
7.47600e+09 2.50294
7.49000e+09 2.58653
7.50400e+09 2.99305
7.51800e+09 2.87730
7.53200e+09 2.74332
7.54600e+09 2.64559
7.56000e+09 2.80097
7.57400e+09 3.17651
7.58800e+09 3.23981
7.60200e+09 3.52786
7.61600e+09 3.80784
7.63000e+09 4.16628
7.64400e+09 3.72837
7.65800e+09 3.42924
7.67200e+09 3.34933
7.68600e+09 3.53231
7.70000e+09 3.15999
7.71400e+09 2.79811
7.72800e+09 2.99514
7.74200e+09 2.98537
7.75600e+09 2.74776
7.77000e+09 2.81616
7.78400e+09 2.90399
7.79800e+09 2.81645
7.81200e+09 2.83970
7.82600e+09 2.77713
7.84000e+09 2.73745
7.85400e+09 2.68570
7.86800e+09 2.85354
7.88200e+09 3.12110
7.89600e+09 3.09691
7.91000e+09 3.05598
7.92400e+09 2.79786
7.93800e+09 2.36017
7.95200e+09 2.46203
7.96600e+09 2.41733
7.98000e+09 2.27300
7.99400e+09 2.17849
8.00800e+09 2.20114
8.02200e+09 1.97572
8.03600e+09 1.78324
8.05000e+09 2.06860
8.06400e+09 2.19397
8.07800e+09 1.95335
8.09200e+09 2.00211
8.10600e+09 2.30574
8.12000e+09 2.59504
8.13400e+09 2.65891
8.14800e+09 2.73085
8.16200e+09 2.49057
8.17600e+09 1.99277
8.19000e+09 2.00826
8.20400e+09 2.25333
8.21800e+09 1.95201
8.23200e+09 1.91094
8.24600e+09 2.06491
8.26000e+09 1.85290
8.27400e+09 1.89798
8.28800e+09 2.22397
8.30200e+09 2.27850
8.31600e+09 2.02150
8.33000e+09 1.96324
8.34400e+09 2.16278
8.35800e+09 2.44678
8.37200e+09 1.94764
8.38600e+09 1.90470
8.40000e+09 2.36051
8.41400e+09 2.24851
8.42800e+09 1.84978
8.44200e+09 1.55950
8.45600e+09 2.00608
8.47000e+09 1.97256
8.48400e+09 1.96676
8.49800e+09 1.97704
8.51200e+09 1.80237
8.52600e+09 1.68322
8.54000e+09 1.86984
8.55400e+09 1.79300
8.56800e+09 1.47556
8.58200e+09 1.47155
8.59600e+09 1.45768
8.61000e+09 1.57289
8.62400e+09 1.84259
8.63800e+09 1.66663
8.65200e+09 1.58104
8.66600e+09 1.42962
8.68000e+09 1.32321
8.69400e+09 1.48403
8.70800e+09 1.81710
8.72200e+09 1.86136
8.73600e+09 1.75287
8.75000e+09 1.89489
8.76400e+09 1.63462
8.77800e+09 1.57792
8.79200e+09 1.61847
8.80600e+09 1.45414
8.82000e+09 1.65292
8.83400e+09 1.66004
8.84800e+09 1.78814
8.86200e+09 1.76487
8.87600e+09 1.79310
8.89000e+09 1.52603
8.90400e+09 1.53532
8.91800e+09 1.57604
8.93200e+09 1.85113
8.94600e+09 1.85734
8.96000e+09 1.64752
8.97400e+09 1.67028
8.98800e+09 1.73545
9.00200e+09 1.82019
9.01600e+09 1.96509
9.03000e+09 1.72746
9.04400e+09 1.55601
9.05800e+09 1.92258
9.07200e+09 2.06556
9.08600e+09 1.86413
9.10000e+09 1.82528
9.11400e+09 1.62825
9.12800e+09 1.63352
9.14200e+09 1.75864
9.15600e+09 1.88239
9.17000e+09 1.94899
9.18400e+09 1.62292
9.19800e+09 1.34785
9.21200e+09 1.33094
9.22600e+09 1.69572
9.24000e+09 1.70235
9.25400e+09 1.65143
9.26800e+09 1.63452
9.28200e+09 1.50419
9.29600e+09 1.72256
9.31000e+09 1.69113
9.32400e+09 1.57915
9.33800e+09 1.68019
9.35200e+09 1.72511
9.36600e+09 1.95740
9.38000e+09 1.87385
9.39400e+09 1.51041
9.40800e+09 1.62595
9.42200e+09 1.82483
9.43600e+09 1.88687
9.45000e+09 1.72610
9.46400e+09 1.77973
9.47800e+09 1.71394
9.49200e+09 1.26168
9.50600e+09 1.27995
9.52000e+09 1.31802
9.53400e+09 1.51225
9.54800e+09 1.73233
9.56200e+09 2.07480
9.57600e+09 1.87756
9.59000e+09 1.77825
9.60400e+09 2.00655
9.61800e+09 1.72207
9.63200e+09 1.82381
9.64600e+09 1.98197
9.66000e+09 1.96941
9.67400e+09 1.77482
9.68800e+09 1.66042
9.70200e+09 1.86947
9.71600e+09 2.07931
9.73000e+09 2.10253
9.74400e+09 1.62080
9.75800e+09 1.45226
9.77200e+09 1.32419
9.78600e+09 1.57962
9.80000e+09 1.67295
9.81400e+09 1.44697
9.82800e+09 1.34166
9.84200e+09 1.32825
9.85600e+09 1.50050
9.87000e+09 1.49248
9.88400e+09 1.47782
9.89800e+09 1.58406
9.91200e+09 1.73634
9.92600e+09 1.64442
9.94000e+09 1.69891
9.95400e+09 2.09185
9.96800e+09 1.91775
9.98200e+09 1.60772
9.99600e+09 1.56845
1.00100e+10 1.69310
1.00240e+10 1.64179
1.00380e+10 1.48091
1.00520e+10 1.53814
1.00660e+10 1.56040
1.00800e+10 1.76805
1.00940e+10 1.61933
1.01080e+10 1.64210
1.01220e+10 1.56489
1.01360e+10 1.35775
1.01500e+10 1.49837
1.01640e+10 1.37509
1.01780e+10 1.91983
1.01920e+10 2.11508
1.02060e+10 2.00740
1.02200e+10 1.93687
1.02340e+10 1.75420
1.02480e+10 1.68859
1.02620e+10 1.65371
1.02760e+10 1.72294
1.02900e+10 1.76362
1.03040e+10 1.48760
1.03180e+10 1.35059
1.03320e+10 1.41577
1.03460e+10 1.40950
1.03600e+10 1.49924
1.03740e+10 1.49705
1.03880e+10 1.43537
1.04020e+10 1.45906
1.04160e+10 1.60635
1.04300e+10 1.39119
1.04440e+10 1.54386
1.04580e+10 1.63550
1.04720e+10 1.81361
1.04860e+10 1.69577
1.05000e+10 1.70694
1.05140e+10 1.60379
1.05280e+10 1.64653
1.05420e+10 2.04712
1.05560e+10 2.46689
1.05700e+10 2.18251
1.05840e+10 1.83997
1.05980e+10 1.67117
1.06120e+10 1.56536
1.06260e+10 1.68640
1.06400e+10 1.67028
1.06540e+10 1.52736
1.06680e+10 1.37812
1.06820e+10 1.38898
1.06960e+10 1.47693
1.07100e+10 1.44790
1.07240e+10 1.30316
1.07380e+10 1.62432
1.07520e+10 2.07882
1.07660e+10 1.72472
1.07800e+10 1.56887
1.07940e+10 1.57292
1.08080e+10 1.55821
1.08220e+10 1.67654
1.08360e+10 1.75515
1.08500e+10 1.75911
1.08640e+10 1.65513
1.08780e+10 1.53272
1.08920e+10 1.38172
1.09060e+10 1.51574
1.09200e+10 1.52872
1.09340e+10 1.62690
1.09480e+10 1.82566
1.09620e+10 1.67207
1.09760e+10 1.51667
1.09900e+10 1.42187
1.10040e+10 1.49738
1.10180e+10 1.57154
1.10320e+10 1.45001
1.10460e+10 1.59128
1.10600e+10 1.54220
1.10740e+10 1.40953
1.10880e+10 1.42558
1.11020e+10 1.33228
1.11160e+10 1.27375
1.11300e+10 1.36973
1.11440e+10 1.48443
1.11580e+10 1.48457
1.11720e+10 1.43492
1.11860e+10 1.49427
1.12000e+10 1.34160
1.12140e+10 1.25184
1.12280e+10 1.43715
1.12420e+10 1.47870
1.12560e+10 1.47381
1.12700e+10 1.33267
1.12840e+10 1.17321
1.12980e+10 1.13606
1.13120e+10 1.06515
1.13260e+10 0.911084
1.13400e+10 1.05625
1.13540e+10 1.25365
1.13680e+10 1.39652
1.13820e+10 1.17507
1.13960e+10 1.20410
1.14100e+10 1.24772
1.14240e+10 1.20090
1.14380e+10 1.50420
1.14520e+10 1.79175
1.14660e+10 1.63850
1.14800e+10 1.38542
1.14940e+10 1.27683
1.15080e+10 1.29744
1.15220e+10 1.39167
1.15360e+10 1.29970
1.15500e+10 1.38629
1.15640e+10 1.23493
1.15780e+10 1.16567
1.15920e+10 1.06116
1.16060e+10 1.06430
1.16200e+10 1.06785
1.16340e+10 0.901240
1.16480e+10 1.03886
1.16620e+10 1.33540
1.16760e+10 1.39257
1.16900e+10 1.46844
1.17040e+10 1.36976
1.17180e+10 1.42601
1.17320e+10 1.59837
1.17460e+10 1.64836
1.17600e+10 1.41800
1.17740e+10 1.24195
1.17880e+10 1.27551
1.18020e+10 1.37014
1.18160e+10 1.27907
1.18300e+10 1.22644
1.18440e+10 1.42187
1.18580e+10 1.39029
1.18720e+10 1.25546
1.18860e+10 1.32325
1.19000e+10 1.32636
1.19140e+10 1.26562
1.19280e+10 1.17410
1.19420e+10 1.24743
1.19560e+10 1.15903
1.19700e+10 1.19873
1.19840e+10 1.13794
1.19980e+10 1.16067
1.20120e+10 1.43802
1.20260e+10 1.48362
1.20400e+10 1.33226
1.20540e+10 1.04732
1.20680e+10 1.07942
1.20820e+10 1.04642
1.20960e+10 1.00981
1.21100e+10 1.19235
1.21240e+10 1.11152
1.21380e+10 0.995898
1.21520e+10 1.24293
1.21660e+10 1.07452
1.21800e+10 1.01158
1.21940e+10 0.857937
1.22080e+10 0.924076
1.22220e+10 1.08348
1.22360e+10 1.19238
1.22500e+10 1.01874
1.22640e+10 1.16749
1.22780e+10 1.26484
1.22920e+10 1.16167
1.23060e+10 1.23938
1.23200e+10 1.29474
1.23340e+10 1.03118
1.23480e+10 1.04012
1.23620e+10 0.934377
1.23760e+10 0.995515
1.23900e+10 0.993272
1.24040e+10 0.999516
1.24180e+10 0.911970
1.24320e+10 0.982988
1.24460e+10 1.00254
1.24600e+10 1.12326
1.24740e+10 1.26386
1.24880e+10 1.30903
1.25020e+10 1.18701
1.25160e+10 1.16878
1.25300e+10 1.09459
1.25440e+10 1.18170
1.25580e+10 1.29692
1.25720e+10 1.03887
1.25860e+10 1.01205
1.26000e+10 1.08042
1.26140e+10 0.996878
1.26280e+10 1.05308
1.26420e+10 1.11301
1.26560e+10 1.26128
1.26700e+10 1.18040
1.26840e+10 1.11478
1.26980e+10 0.982127
1.27120e+10 1.06330
1.27260e+10 1.00223
1.27400e+10 0.935183
1.27540e+10 0.927190
1.27680e+10 1.21789
1.27820e+10 1.26040
1.27960e+10 1.12190
1.28100e+10 1.14959
1.28240e+10 0.978522
1.28380e+10 1.10672
1.28520e+10 1.10889
1.28660e+10 0.977682
1.28800e+10 1.27782
1.28940e+10 1.24116
1.29080e+10 1.23532
1.29220e+10 1.13168
1.29360e+10 1.07415
1.29500e+10 1.07275
1.29640e+10 1.06290
1.29780e+10 1.16701
1.29920e+10 1.04365
1.30060e+10 1.00801
1.30200e+10 0.991966
1.30340e+10 1.17507
1.30480e+10 1.34642
1.30620e+10 1.27330
1.30760e+10 1.04097
1.30900e+10 0.891806
1.31040e+10 1.02267
1.31180e+10 1.01861
1.31320e+10 1.08025
1.31460e+10 1.36436
1.31600e+10 1.27732
1.31740e+10 1.14959
1.31880e+10 1.05306
1.32020e+10 1.05446
1.32160e+10 1.07993
1.32300e+10 1.46756
1.32440e+10 1.46616
1.32580e+10 1.31525
1.32720e+10 1.58533
1.32860e+10 1.41965
1.33000e+10 1.29434
1.33140e+10 1.13399
1.33280e+10 0.359046
1.33420e+10 0.00000
1.33560e+10 0.00000
1.33700e+10 0.00000
1.33840e+10 0.00000
1.33980e+10 0.00000
1.34120e+10 0.00000
1.34260e+10 0.00000
1.34400e+10 0.00000
1.34540e+10 0.00000
1.34680e+10 0.00000
1.34820e+10 0.00000
1.34960e+10 0.00000
1.35100e+10 0.00000
1.35240e+10 0.00000
1.35380e+10 0.00000
1.35520e+10 0.00000
1.35660e+10 0.00000
1.35800e+10 0.00000
1.35940e+10 0.00000
1.36080e+10 0.00000
1.36220e+10 0.00000
1.36360e+10 0.00000
1.36500e+10 0.00000
1.36640e+10 0.00000
1.36780e+10 0.00000
1.36920e+10 0.00000
1.37060e+10 0.00000
1.37200e+10 0.00000
1.37340e+10 0.00000
1.37480e+10 0.00000
1.37620e+10 0.00000
1.37760e+10 0.00000
1.37900e+10 0.00000
1.38040e+10 0.00000
1.38180e+10 0.00000
1.38320e+10 0.00000
1.38460e+10 0.00000
1.38600e+10 0.00000
1.38740e+10 0.00000
1.38880e+10 0.00000
1.39020e+10 0.00000
1.39160e+10 0.00000
1.39300e+10 0.00000
1.39440e+10 0.00000
1.39580e+10 0.00000
1.39720e+10 0.00000
1.39860e+10 0.00000
1.40000e+10 0.00000
